z    t    r    zmid    tmid    rmid    ly    err_ly    ly_sigma    err_ly_sigma    ly_areaTop    err_ly_areaTop    ly_sigma_areaTop     err_ly_sigma_areaTop
0    0    0    -5.37222222222    0.785398163397    8.8615    3.19172447412    0.0412448721109    0.40195389365    0.0451812782035    1.07391032018    0.0325664162861    0.40195389365    0.0451812782035
0    1    0    -5.37222222222    2.35619449019    8.8615    3.30006620049    0.0431723090741    0.444592031045    0.0376748189566    1.08647227757    0.0220525918751    0.444592031045    0.0376748189566
0    2    0    -5.37222222222    3.92699081699    8.8615    3.25292334679    0.0492454885554    0.427195707804    0.0473830754863    1.08763344001    0.0626651138452    0.427195707804    0.0473830754863
0    3    0    -5.37222222222    5.49778714378    8.8615    3.33405178308    0.0518676791789    0.48073061795    0.0479652726584    1.12132321408    0.0324998618999    0.48073061795    0.0479652726584
0    0    1    -5.37222222222    0.523598775598    22.513    3.15726432943    0.0490331371328    0.472003091564    0.0452090854741    0.983027670359    0.0349083516898    0.472003091564    0.0452090854741
0    1    1    -5.37222222222    1.57079632679    22.513    3.20800937811    0.0985106220809    0.589693969499    0.11263838282    1.02322254373    0.049584669683    0.589693969499    0.11263838282
0    2    1    -5.37222222222    2.61799387799    22.513    3.25061369568    0.0446583013881    0.417049266933    0.0417291975677    1.06424725454    0.0339355247289    0.417049266933    0.0417291975677
0    3    1    -5.37222222222    3.66519142919    22.513    3.27032467704    0.0634092229345    0.457745856672    0.0661665110574    1.06643492191    0.0684784534931    0.457745856672    0.0661665110574
0    4    1    -5.37222222222    4.71238898038    22.513    3.33331719073    0.0425464788825    0.436466986389    0.0364358745168    1.04788252934    0.0322596173544    0.436466986389    0.0364358745168
0    5    1    -5.37222222222    5.75958653158    22.513    3.18622628768    0.0383940035129    0.400773331634    0.0412744176428    1.00393827025    0.0287552690203    0.400773331634    0.0412744176428
0    0    2    -5.37222222222    0.392699081699    32.093    3.15248832567    0.0422353720421    0.453173073521    0.0474349769632    0.985366578977    0.0255573716101    0.453173073521    0.0474349769632
0    1    2    -5.37222222222    1.1780972451    32.093    3.27311679184    0.0391977447675    0.376673523411    0.0380979828149    1.08994772265    0.0206331112255    0.376673523411    0.0380979828149
0    2    2    -5.37222222222    1.96349540849    32.093    3.23616610348    0.0552187975463    0.487488546053    0.065332644264    1.08720356341    0.0367903142625    0.487488546053    0.065332644264
0    3    2    -5.37222222222    2.74889357189    32.093    3.34802514891    0.0760506735938    0.491538660095    0.0891614076996    1.19474499687    0.0333529478718    0.491538660095    0.0891614076996
0    4    2    -5.37222222222    3.53429173529    32.093    3.22559232366    0.0617990971098    0.523318848414    0.0598047687939    1.08054900526    0.0298730820479    0.523318848414    0.0598047687939
0    5    2    -5.37222222222    4.31968989869    32.093    3.23482931752    0.0538569504792    0.469456648641    0.0556947248911    1.01856727179    0.0303646965477    0.469456648641    0.0556947248911
0    6    2    -5.37222222222    5.10508806208    32.093    3.29693391684    0.056973329215    0.528186398406    0.0641339045087    1.08025390931    0.0399697840849    0.528186398406    0.0641339045087
0    7    2    -5.37222222222    5.89048622548    32.093    3.18259092683    0.0354118662145    0.409678388401    0.0341232467221    1.04978752808    0.0194281700839    0.409678388401    0.0341232467221
0    0    3    -5.37222222222    0.261799387799    42.3915    3.21152572539    0.0315796492944    0.418861891069    0.024548984571    1.00822294544    0.0171031048068    0.418861891069    0.024548984571
0    1    3    -5.37222222222    0.785398163397    42.3915    3.20680270232    0.0349793971353    0.412633118247    0.0301493842815    1.03188121578    0.0164236950884    0.412633118247    0.0301493842815
0    2    3    -5.37222222222    1.308996939    42.3915    3.28370345781    0.0518564519647    0.531716189858    0.0565895682927    1.09189621691    0.0218276783765    0.531716189858    0.0565895682927
0    3    3    -5.37222222222    1.83259571459    42.3915    3.18374470547    0.0572731602499    0.432081587344    0.0509125961424    0.991042250157    0.0665224158422    0.432081587344    0.0509125961424
0    4    3    -5.37222222222    2.35619449019    42.3915    3.27116957141    0.0514202115959    0.431718746227    0.0557097395777    1.08375712012    0.0310221513236    0.431718746227    0.0557097395777
0    5    3    -5.37222222222    2.87979326579    42.3915    3.3357965695    0.0650561497332    0.543679491497    0.0672535524885    1.03629179258    0.033397696766    0.543679491497    0.0672535524885
0    6    3    -5.37222222222    3.40339204139    42.3915    3.15321353693    0.0328435917229    0.374856780833    0.0298881451653    1.00088122152    0.0216515088628    0.374856780833    0.0298881451653
0    7    3    -5.37222222222    3.92699081699    42.3915    3.20142815581    0.0371072153332    0.465023139942    0.0293110047922    1.05041633893    0.0154872767927    0.465023139942    0.0293110047922
0    8    3    -5.37222222222    4.45058959259    42.3915    3.22821867305    0.0457355970822    0.490818376155    0.0405777468909    1.06741986081    0.0191224198693    0.490818376155    0.0405777468909
0    9    3    -5.37222222222    4.97418836818    42.3915    3.16586434124    0.0395577815129    0.452582574066    0.0350573562244    1.05543930121    0.0205396445541    0.452582574066    0.0350573562244
0    10    3    -5.37222222222    5.49778714378    42.3915    3.22558705871    0.0415823976297    0.483761863355    0.0407417641887    1.02334112438    0.0183001188943    0.483761863355    0.0407417641887
0    11    3    -5.37222222222    6.02138591938    42.3915    3.10839796777    0.0323493661532    0.392954506657    0.0295947265644    1.01297927622    0.0188015225879    0.392954506657    0.0295947265644
1    0    0    -16.1166666667    0.785398163397    8.8615    3.68128817939    0.0670937598317    0.427220273012    0.0892620495117    0.772756380153    0.665688310475    0.427220273012    0.0892620495117
1    1    0    -16.1166666667    2.35619449019    8.8615    3.54973322397    0.0547121925317    0.385203222647    0.0751089691075    0.997897667078    0.0270504424901    0.385203222647    0.0751089691075
1    2    0    -16.1166666667    3.92699081699    8.8615    3.49799187356    0.0548860799975    0.395053261819    0.0957693131353    0.995674426665    0.0436707819583    0.395053261819    0.0957693131353
1    3    0    -16.1166666667    5.49778714378    8.8615    3.66761911468    0.0651510851151    0.484395474573    0.0592714982137    0.997642065238    0.0587877615311    0.484395474573    0.0592714982137
1    0    1    -16.1166666667    0.523598775598    22.513    3.59464691906    0.0785681962943    0.503020526018    0.0905597008167    1.04648522867    0.0348173379614    0.503020526018    0.0905597008167
1    1    1    -16.1166666667    1.57079632679    22.513    3.53970010011    0.096354472887    0.477070768463    0.144378110809    0.931839004684    0.315716008319    0.477070768463    0.144378110809
1    2    1    -16.1166666667    2.61799387799    22.513    3.37100794769    0.135276024813    0.587339069946    0.150336977132    0.980222219907    0.0560860918144    0.587339069946    0.150336977132
1    3    1    -16.1166666667    3.66519142919    22.513    3.58316757881    0.0470524725737    0.370209860764    0.046712100508    0.978947748103    0.0469814941813    0.370209860764    0.046712100508
1    4    1    -16.1166666667    4.71238898038    22.513    3.47510720626    0.0698190356906    0.578691539726    0.0687971782398    1.03242958102    0.0244352445773    0.578691539726    0.0687971782398
1    5    1    -16.1166666667    5.75958653158    22.513    3.55051157902    0.062037604582    0.49393101177    0.0660340842065    0.97932711288    0.0302711279712    0.49393101177    0.0660340842065
1    0    2    -16.1166666667    0.392699081699    32.093    3.43671105543    0.0530858320315    0.39300274554    0.0601051613872    0.991195595412    0.0332411678396    0.39300274554    0.0601051613872
1    1    2    -16.1166666667    1.1780972451    32.093    3.4903453989    0.0476752856105    0.450411759149    0.0516571830001    0.971089328936    0.0254368336162    0.450411759149    0.0516571830001
1    2    2    -16.1166666667    1.96349540849    32.093    3.54390862958    0.0760421264778    0.488712377593    0.0884832431344    1.02089356467    0.159238843255    0.488712377593    0.0884832431344
1    3    2    -16.1166666667    2.74889357189    32.093    3.57733404525    0.103579768953    0.543853180166    0.120907445049    0.899706876669    0.108775125597    0.543853180166    0.120907445049
1    4    2    -16.1166666667    3.53429173529    32.093    3.47849410062    0.0878086014715    0.599600034257    0.108502192433    0.950591103442    0.130945202218    0.599600034257    0.108502192433
1    5    2    -16.1166666667    4.31968989869    32.093    3.53769654599    0.052498861602    0.480071225009    0.0569959282142    1.03868144214    0.0263123993819    0.480071225009    0.0569959282142
1    6    2    -16.1166666667    5.10508806208    32.093    3.60445015877    0.0532211452006    0.458547463368    0.0460186921782    1.00279280085    0.0349743405373    0.458547463368    0.0460186921782
1    7    2    -16.1166666667    5.89048622548    32.093    3.59791393765    0.048717955055    0.470229667443    0.0427693532405    1.02129506794    0.0210327111195    0.470229667443    0.0427693532405
1    0    3    -16.1166666667    0.261799387799    42.3915    3.54938669883    0.0317342936041    0.44703013782    0.0255794831347    0.948485202037    0.017829134804    0.44703013782    0.0255794831347
1    1    3    -16.1166666667    0.785398163397    42.3915    3.61036647875    0.0313503573772    0.389137260378    0.0323626516365    1.00236184819    0.0207722987206    0.389137260378    0.0323626516365
1    2    3    -16.1166666667    1.308996939    42.3915    3.58305012953    0.0324551315333    0.422867332407    0.0286497509855    0.954636893157    0.015796485276    0.422867332407    0.0286497509855
1    3    3    -16.1166666667    1.83259571459    42.3915    3.46578371426    0.152753927672    0.688340405116    0.19836512837    0.978332571364    0.0335333938864    0.688340405116    0.19836512837
1    4    3    -16.1166666667    2.35619449019    42.3915    3.49099067557    0.251498921167    0.932617055714    0.346149193408    1.09134300941    0.1233662051    0.932617055714    0.346149193408
1    5    3    -16.1166666667    2.87979326579    42.3915    3.57689768859    0.0772898304755    0.506325202049    0.113350776132    1.06324639448    0.0799819414306    0.506325202049    0.113350776132
1    6    3    -16.1166666667    3.40339204139    42.3915    3.5269778644    0.0464850526094    0.432578316106    0.0413907169035    1.02576828142    0.0258824517385    0.432578316106    0.0413907169035
1    7    3    -16.1166666667    3.92699081699    42.3915    3.62819044518    0.0461611737393    0.469541995726    0.0395497332596    1.0126200208    0.0320402012605    0.469541995726    0.0395497332596
1    8    3    -16.1166666667    4.45058959259    42.3915    3.64547151022    0.032897541733    0.384246544061    0.0296903109145    0.984518589766    0.0171159523921    0.384246544061    0.0296903109145
1    9    3    -16.1166666667    4.97418836818    42.3915    3.59541612628    0.0275618826598    0.436194498976    0.0216496693708    0.987540941954    0.0147734430491    0.436194498976    0.0216496693708
1    10    3    -16.1166666667    5.49778714378    42.3915    3.57824898426    0.0283105529923    0.423881971263    0.0249333065852    0.996504088483    0.0173333151149    0.423881971263    0.0249333065852
1    11    3    -16.1166666667    6.02138591938    42.3915    3.6556828749    0.0381110983622    0.450578150508    0.0329530894215    0.960344214469    0.0194898489049    0.450578150508    0.0329530894215
2    0    0    -26.8611111111    0.785398163397    8.8615    3.96606165859    0.0589125783095    0.515888598388    0.0593488574986    0.983756079879    0.0504147241734    0.515888598388    0.0593488574986
2    1    0    -26.8611111111    2.35619449019    8.8615    3.96585616803    0.0492914182399    0.413819110754    0.064115643362    0.910829249889    0.0195225248677    0.413819110754    0.064115643362
2    2    0    -26.8611111111    3.92699081699    8.8615    3.86017109537    0.128423950101    0.705246977382    0.179644876409    0.924615492729    0.0307933285893    0.705246977382    0.179644876409
2    3    0    -26.8611111111    5.49778714378    8.8615    3.91860686731    0.069333418596    0.61233813384    0.0710635586965    0.940951660035    0.0216350544475    0.61233813384    0.0710635586965
2    0    1    -26.8611111111    0.523598775598    22.513    3.90166195815    0.0498244093432    0.493054997959    0.0540131997284    1.01917114516    0.0226794924172    0.493054997959    0.0540131997284
2    1    1    -26.8611111111    1.57079632679    22.513    3.81562541483    0.0613404078136    0.464644609761    0.0698663374292    0.990722853889    0.0536654706774    0.464644609761    0.0698663374292
2    2    1    -26.8611111111    2.61799387799    22.513    4.01501505689    0.114729549971    0.673926962742    0.124417343824    0.978236080883    0.0870295268933    0.673926962742    0.124417343824
2    3    1    -26.8611111111    3.66519142919    22.513    3.89181268721    0.0452352059861    0.39425759698    0.0488005076752    0.932818946461    0.0271072328539    0.39425759698    0.0488005076752
2    4    1    -26.8611111111    4.71238898038    22.513    3.84266525035    0.066645437536    0.576025995287    0.070658317066    0.923814157712    0.0377953370646    0.576025995287    0.070658317066
2    5    1    -26.8611111111    5.75958653158    22.513    3.8570607633    0.0505042910953    0.516076368037    0.0504197691811    0.927419591324    0.0188886286169    0.516076368037    0.0504197691811
2    0    2    -26.8611111111    0.392699081699    32.093    3.87602301032    0.0317541492077    0.460782739159    0.0278810768489    0.937716798838    0.0143313928983    0.460782739159    0.0278810768489
2    1    2    -26.8611111111    1.1780972451    32.093    3.85980188391    0.0407479342383    0.506146263143    0.0382390329928    0.935285029103    0.0175128909871    0.506146263143    0.0382390329928
2    2    2    -26.8611111111    1.96349540849    32.093    4.01814609602    0.0729934598616    0.530615267232    0.0871706930588    0.968467346936    0.0301245630691    0.530615267232    0.0871706930588
2    3    2    -26.8611111111    2.74889357189    32.093    3.86954415089    0.07190266097    0.479130293911    0.1000278464    0.971391216276    0.0520857395329    0.479130293911    0.1000278464
2    4    2    -26.8611111111    3.53429173529    32.093    3.87663929518    0.0450669509985    0.447452606663    0.0520126940042    0.896387855561    0.014580290788    0.447452606663    0.0520126940042
2    5    2    -26.8611111111    4.31968989869    32.093    3.94399000417    0.0463747624567    0.501687723782    0.0416137881543    0.94197544854    0.0176115921272    0.501687723782    0.0416137881543
2    6    2    -26.8611111111    5.10508806208    32.093    3.88934915117    0.0429956281727    0.489740528814    0.0430312930803    0.929696748146    0.0214325378868    0.489740528814    0.0430312930803
2    7    2    -26.8611111111    5.89048622548    32.093    3.90032951167    0.0395611927774    0.491134716315    0.0373411666521    0.921033460097    0.014563106153    0.491134716315    0.0373411666521
2    0    3    -26.8611111111    0.261799387799    42.3915    3.85742188808    0.0294535391977    0.480095359374    0.0247963314854    0.92231759328    0.0129354410507    0.480095359374    0.0247963314854
2    1    3    -26.8611111111    0.785398163397    42.3915    3.8869757427    0.0299125954747    0.487473873905    0.0252501343484    0.919941654248    0.0117318515462    0.487473873905    0.0252501343484
2    2    3    -26.8611111111    1.308996939    42.3915    3.89252406172    0.0325916079334    0.481074713626    0.0280501813641    0.933503386681    0.013968398579    0.481074713626    0.0280501813641
2    3    3    -26.8611111111    1.83259571459    42.3915    3.80449534092    0.0557579412106    0.459657171431    0.0691828222448    0.893721285321    0.0252560922445    0.459657171431    0.0691828222448
2    4    3    -26.8611111111    2.35619449019    42.3915    3.96132369994    0.0989226660494    0.578420945597    0.119437693771    0.930918601961    0.0332079668941    0.578420945597    0.119437693771
2    5    3    -26.8611111111    2.87979326579    42.3915    3.93865891668    0.0578061054299    0.563080663394    0.0627496549062    0.946516794513    0.0199365458179    0.563080663394    0.0627496549062
2    6    3    -26.8611111111    3.40339204139    42.3915    3.90660792307    0.0292362315805    0.456869395962    0.0241091160494    0.910486106175    0.0125819278842    0.456869395962    0.0241091160494
2    7    3    -26.8611111111    3.92699081699    42.3915    3.86844684963    0.0344828942471    0.482739499791    0.0317093456719    0.9255404417    0.0138663455614    0.482739499791    0.0317093456719
2    8    3    -26.8611111111    4.45058959259    42.3915    3.88989693175    0.0357016191632    0.487805710807    0.0355394587863    0.937009613094    0.0179961809972    0.487805710807    0.0355394587863
2    9    3    -26.8611111111    4.97418836818    42.3915    3.91529005641    0.0282249423378    0.487502801552    0.0215352279447    0.92489846197    0.0118167812864    0.487502801552    0.0215352279447
2    10    3    -26.8611111111    5.49778714378    42.3915    3.90776535167    0.0274195140213    0.474924691227    0.0204942629074    0.910394102074    0.0104396115409    0.474924691227    0.0204942629074
2    11    3    -26.8611111111    6.02138591938    42.3915    3.85407428844    0.0273249103211    0.420904822679    0.0222941557621    0.892040286765    0.0104681955988    0.420904822679    0.0222941557621
3    0    0    -37.6055555556    0.785398163397    8.8615    4.16005543445    0.0438645804561    0.476111669864    0.0472345229788    0.877821466124    0.0215159035885    0.476111669864    0.0472345229788
3    1    0    -37.6055555556    2.35619449019    8.8615    4.26678385499    0.0529014366047    0.494389011971    0.0593855451055    0.877009156862    0.016779233462    0.494389011971    0.0593855451055
3    2    0    -37.6055555556    3.92699081699    8.8615    4.26578573032    0.0467971380976    0.505181696953    0.0508195265397    0.865296753221    0.0158114956572    0.505181696953    0.0508195265397
3    3    0    -37.6055555556    5.49778714378    8.8615    4.18370119481    0.0513433642415    0.557699847957    0.0505489131552    0.834564512672    0.0236907742852    0.557699847957    0.0505489131552
3    0    1    -37.6055555556    0.523598775598    22.513    4.15262541196    0.0404864895842    0.502046944967    0.0376241111533    0.875663881317    0.0206571460944    0.502046944967    0.0376241111533
3    1    1    -37.6055555556    1.57079632679    22.513    4.24953099732    0.0535657638195    0.450461724939    0.0714137849483    0.871104033514    0.0293273641856    0.450461724939    0.0714137849483
3    2    1    -37.6055555556    2.61799387799    22.513    4.27534625937    0.0469204450946    0.549012671422    0.0412914598045    0.869636612456    0.024384676673    0.549012671422    0.0412914598045
3    3    1    -37.6055555556    3.66519142919    22.513    4.3231983743    0.0391144403271    0.506455297219    0.0374857396824    0.893748391912    0.0170821485553    0.506455297219    0.0374857396824
3    4    1    -37.6055555556    4.71238898038    22.513    4.28236487964    0.0388986472472    0.450779386931    0.0384251707751    0.855678610419    0.0163282379187    0.450779386931    0.0384251707751
3    5    1    -37.6055555556    5.75958653158    22.513    4.26253534239    0.037498207197    0.509639735819    0.0333268537564    0.791067454248    0.0141048046884    0.509639735819    0.0333268537564
3    0    2    -37.6055555556    0.392699081699    32.093    4.21727095128    0.0346761027853    0.535321602367    0.0272925874207    0.863518381379    0.0128447084734    0.535321602367    0.0272925874207
3    1    2    -37.6055555556    1.1780972451    32.093    4.15627535242    0.0329832846089    0.486772701662    0.0332743973842    0.852515652997    0.0109090545989    0.486772701662    0.0332743973842
3    2    2    -37.6055555556    1.96349540849    32.093    4.20698898117    0.0490151892572    0.5335198723    0.0457657120171    0.857199162851    0.0177648067567    0.5335198723    0.0457657120171
3    3    2    -37.6055555556    2.74889357189    32.093    4.10537621273    0.0370809196342    0.455986050762    0.0327910300446    0.860557464903    0.0139687653133    0.455986050762    0.0327910300446
3    4    2    -37.6055555556    3.53429173529    32.093    4.29393755929    0.0356286068103    0.490948605802    0.0274721836071    0.843351478481    0.016459758831    0.490948605802    0.0274721836071
3    5    2    -37.6055555556    4.31968989869    32.093    4.1981437689    0.0325153276255    0.425534319944    0.0311522200795    0.847570681209    0.0137596646828    0.425534319944    0.0311522200795
3    6    2    -37.6055555556    5.10508806208    32.093    4.2981691247    0.0436400042621    0.508379280284    0.0407383433345    0.842026179278    0.0155341893589    0.508379280284    0.0407383433345
3    7    2    -37.6055555556    5.89048622548    32.093    4.22237072478    0.0309030789653    0.497465089209    0.0302255802555    0.83300953943    0.0121477647199    0.497465089209    0.0302255802555
3    0    3    -37.6055555556    0.261799387799    42.3915    4.09858716817    0.027915689895    0.521301346518    0.0223942702563    0.802966325273    0.0123349997563    0.521301346518    0.0223942702563
3    1    3    -37.6055555556    0.785398163397    42.3915    4.14524813713    0.0285015378704    0.492993206762    0.0216597124274    0.833809018403    0.0104002687478    0.492993206762    0.0216597124274
3    2    3    -37.6055555556    1.308996939    42.3915    4.07638308802    0.0272298802647    0.452910450122    0.0247227678852    0.841890575298    0.0119822658653    0.452910450122    0.0247227678852
3    3    3    -37.6055555556    1.83259571459    42.3915    4.26108739261    0.120179575872    0.668389545567    0.143703304464    0.853213002298    0.0248955094131    0.668389545567    0.143703304464
3    4    3    -37.6055555556    2.35619449019    42.3915    4.14182711761    0.0627888349121    0.575293567851    0.0547052906481    0.840015285106    0.0197330928048    0.575293567851    0.0547052906481
3    5    3    -37.6055555556    2.87979326579    42.3915    4.11232915771    0.034804189198    0.508351465086    0.0316490227699    0.870623743977    0.0131708111143    0.508351465086    0.0316490227699
3    6    3    -37.6055555556    3.40339204139    42.3915    4.1489216906    0.0297094458965    0.539773935841    0.0249013908289    0.827074775593    0.0102070083555    0.539773935841    0.0249013908289
3    7    3    -37.6055555556    3.92699081699    42.3915    4.20768029002    0.0303326044726    0.503208980269    0.0247418207719    0.84952037904    0.0104943586759    0.503208980269    0.0247418207719
3    8    3    -37.6055555556    4.45058959259    42.3915    4.20692036468    0.0259078630378    0.477254514519    0.0220387499449    0.827664592625    0.0103630006997    0.477254514519    0.0220387499449
3    9    3    -37.6055555556    4.97418836818    42.3915    4.18431864554    0.0238855853269    0.480584064011    0.017900092401    0.827386502812    0.00948166438389    0.480584064011    0.017900092401
3    10    3    -37.6055555556    5.49778714378    42.3915    4.21637319984    0.030355335232    0.554322608782    0.0274257048779    0.816871306172    0.0103527366503    0.554322608782    0.0274257048779
3    11    3    -37.6055555556    6.02138591938    42.3915    4.19009892917    0.0277450051015    0.497556972596    0.0215659123334    0.826631718033    0.012001299516    0.497556972596    0.0215659123334
4    0    0    -48.35    0.785398163397    8.8615    4.5596724307    0.0454955016116    0.526029581915    0.0453741565623    0.771187555349    0.0131478969383    0.526029581915    0.0453741565623
4    1    0    -48.35    2.35619449019    8.8615    4.63983277568    0.0401426285    0.507848922886    0.03716612816    0.774095919416    0.0173960804586    0.507848922886    0.03716612816
4    2    0    -48.35    3.92699081699    8.8615    4.61006469356    0.0433231591636    0.532624727452    0.0423606367794    0.779583422277    0.0135005951847    0.532624727452    0.0423606367794
4    3    0    -48.35    5.49778714378    8.8615    4.60110880013    0.0451512462723    0.566312306426    0.0388343566369    0.779169455228    0.0128781729114    0.566312306426    0.0388343566369
4    0    1    -48.35    0.523598775598    22.513    4.53694420804    0.0329535312994    0.493470849233    0.031233042558    0.751486656749    0.00983189401419    0.493470849233    0.031233042558
4    1    1    -48.35    1.57079632679    22.513    4.68851155634    0.0509805098678    0.442125381877    0.0633959432836    0.749878528954    0.0199178738492    0.442125381877    0.0633959432836
4    2    1    -48.35    2.61799387799    22.513    4.55477639569    0.0395286493847    0.528398585049    0.0368964386888    0.775880662864    0.0130336425103    0.528398585049    0.0368964386888
4    3    1    -48.35    3.66519142919    22.513    4.64667494981    0.0356455168765    0.527508002514    0.0373327668856    0.800175554126    0.0155269909528    0.527508002514    0.0373327668856
4    4    1    -48.35    4.71238898038    22.513    4.60732387292    0.0373486029797    0.497350837733    0.0335509069235    0.758530948002    0.0134932100524    0.497350837733    0.0335509069235
4    5    1    -48.35    5.75958653158    22.513    4.59920105179    0.0324309530719    0.548270087389    0.0271891399445    0.75170718786    0.0100570982961    0.548270087389    0.0271891399445
4    0    2    -48.35    0.392699081699    32.093    4.54235281716    0.0293641486215    0.535808703513    0.0252433811605    0.752953037502    0.00930997164087    0.535808703513    0.0252433811605
4    1    2    -48.35    1.1780972451    32.093    4.55114919698    0.0274418038613    0.453636677574    0.0215152813797    0.771343675212    0.0100917274665    0.453636677574    0.0215152813797
4    2    2    -48.35    1.96349540849    32.093    4.53135200628    0.0561695104759    0.644261019266    0.0507085579418    0.767258718275    0.0133590571005    0.644261019266    0.0507085579418
4    3    2    -48.35    2.74889357189    32.093    4.58556593333    0.0338000245485    0.504186924857    0.0295333972768    0.778978822639    0.0109446866931    0.504186924857    0.0295333972768
4    4    2    -48.35    3.53429173529    32.093    4.60353281583    0.034964057629    0.540311921696    0.031858650405    0.773501832138    0.0109581313695    0.540311921696    0.031858650405
4    5    2    -48.35    4.31968989869    32.093    4.6356979304    0.0249575295309    0.484420741943    0.0198494066697    0.758146041656    0.0084565335721    0.484420741943    0.0198494066697
4    6    2    -48.35    5.10508806208    32.093    4.66567879409    0.0312223374365    0.504645945409    0.0250733030794    0.784153041786    0.0123345673316    0.504645945409    0.0250733030794
4    7    2    -48.35    5.89048622548    32.093    4.59262763765    0.026832461513    0.527073938867    0.0227203304766    0.752633338849    0.00807080561676    0.527073938867    0.0227203304766
4    0    3    -48.35    0.261799387799    42.3915    4.52906878929    0.0278812421453    0.503705712425    0.0219664632328    0.746361771893    0.0102855978877    0.503705712425    0.0219664632328
4    1    3    -48.35    0.785398163397    42.3915    4.44599733373    0.0262148091345    0.475678729557    0.0191136284884    0.74856904148    0.00897379461155    0.475678729557    0.0191136284884
4    2    3    -48.35    1.308996939    42.3915    4.45875345125    0.0337363243958    0.535746096302    0.0282145464706    0.748499099394    0.011435518613    0.535746096302    0.0282145464706
4    3    3    -48.35    1.83259571459    42.3915    4.51593384919    0.0474343739628    0.486366656917    0.0431592417624    0.76871393603    0.0184111865815    0.486366656917    0.0431592417624
4    4    3    -48.35    2.35619449019    42.3915    4.57862800793    0.0399150682662    0.527749224453    0.0323185005659    0.743549560832    0.0137060605178    0.527749224453    0.0323185005659
4    5    3    -48.35    2.87979326579    42.3915    4.55550526473    0.0305918597158    0.529230336898    0.0271224974195    0.77401132853    0.0112074637864    0.529230336898    0.0271224974195
4    6    3    -48.35    3.40339204139    42.3915    4.54888428551    0.0288996297938    0.530343162522    0.0226283853821    0.759895789828    0.0102517643436    0.530343162522    0.0226283853821
4    7    3    -48.35    3.92699081699    42.3915    4.55172201578    0.0266455501433    0.50899837165    0.0214649467089    0.770950707746    0.0108081810908    0.50899837165    0.0214649467089
4    8    3    -48.35    4.45058959259    42.3915    4.59052475424    0.0242140064394    0.522852933134    0.0189335832023    0.756058881094    0.00852315128397    0.522852933134    0.0189335832023
4    9    3    -48.35    4.97418836818    42.3915    4.55138680657    0.0245099904657    0.547568554408    0.0209384737733    0.747175767019    0.00826228694904    0.547568554408    0.0209384737733
4    10    3    -48.35    5.49778714378    42.3915    4.56485090831    0.025793461762    0.555815006611    0.0208860261955    0.754986270901    0.0078813785508    0.555815006611    0.0208860261955
4    11    3    -48.35    6.02138591938    42.3915    4.54654531399    0.0309120666982    0.569822178199    0.0291359174833    0.747227874428    0.00905208824833    0.569822178199    0.0291359174833
5    0    0    -59.0944444444    0.785398163397    8.8615    5.04172227446    0.0419830062617    0.55632908869    0.0378229123358    0.731710742655    0.0137274773307    0.55632908869    0.0378229123358
5    1    0    -59.0944444444    2.35619449019    8.8615    5.19112652575    0.0403110947694    0.56368943132    0.0367871607011    0.70805984513    0.0113700499902    0.56368943132    0.0367871607011
5    2    0    -59.0944444444    3.92699081699    8.8615    5.07930650148    0.035380246838    0.588042771861    0.028138848475    0.681941600555    0.0109488967342    0.588042771861    0.028138848475
5    3    0    -59.0944444444    5.49778714378    8.8615    5.06725832331    0.0320013768984    0.562881414064    0.0252182226344    0.672414835619    0.00864748928776    0.562881414064    0.0252182226344
5    0    1    -59.0944444444    0.523598775598    22.513    4.97031423566    0.0390660188438    0.575599214656    0.0351543429682    0.649882738522    0.00973847971363    0.575599214656    0.0351543429682
5    1    1    -59.0944444444    1.57079632679    22.513    4.76288473609    0.111348504385    0.767786601217    0.151771019895    0.692183767136    0.0331476264647    0.767786601217    0.151771019895
5    2    1    -59.0944444444    2.61799387799    22.513    4.98458342452    0.0311723805445    0.496164671037    0.0276978497864    0.69155205084    0.0102810543304    0.496164671037    0.0276978497864
5    3    1    -59.0944444444    3.66519142919    22.513    5.04607653082    0.0312259972242    0.589395542439    0.0264506218793    0.690262500114    0.00942411739651    0.589395542439    0.0264506218793
5    4    1    -59.0944444444    4.71238898038    22.513    5.07599871862    0.0305785707632    0.609448378244    0.0250040146535    0.674528713411    0.00846788479785    0.609448378244    0.0250040146535
5    5    1    -59.0944444444    5.75958653158    22.513    5.11220857309    0.0304515437334    0.606031939347    0.0253392927286    0.69308012161    0.00796103604048    0.606031939347    0.0253392927286
5    0    2    -59.0944444444    0.392699081699    32.093    4.94708189176    0.033893888915    0.58895415818    0.0301783065393    0.680218061567    0.00991514185754    0.58895415818    0.0301783065393
5    1    2    -59.0944444444    1.1780972451    32.093    4.92853658691    0.0400988482855    0.619213239135    0.037735912602    0.661403659188    0.0116636997023    0.619213239135    0.037735912602
5    2    2    -59.0944444444    1.96349540849    32.093    4.99391404974    0.0556581922862    0.657941409288    0.0550329875176    0.679650961436    0.0140713615219    0.657941409288    0.0550329875176
5    3    2    -59.0944444444    2.74889357189    32.093    4.94818564735    0.0305200454375    0.53428233408    0.0241427718863    0.696427213524    0.0101926445983    0.53428233408    0.0241427718863
5    4    2    -59.0944444444    3.53429173529    32.093    5.01044798565    0.0292271025698    0.602394879636    0.0246076831893    0.70141241193    0.00833090280535    0.602394879636    0.0246076831893
5    5    2    -59.0944444444    4.31968989869    32.093    5.02026487934    0.0241035688109    0.597462903124    0.019485239528    0.675456207775    0.00601792828189    0.597462903124    0.019485239528
5    6    2    -59.0944444444    5.10508806208    32.093    4.98940241    0.0336545243752    0.591430953844    0.0278216334539    0.661816298525    0.00920430425557    0.591430953844    0.0278216334539
5    7    2    -59.0944444444    5.89048622548    32.093    5.01347750579    0.0297752641039    0.608897608215    0.023094434626    0.660955022065    0.00839934192781    0.608897608215    0.023094434626
5    0    3    -59.0944444444    0.261799387799    42.3915    4.89228329335    0.0296686695888    0.566205302789    0.027043333655    0.674569848145    0.00812156142289    0.566205302789    0.027043333655
5    1    3    -59.0944444444    0.785398163397    42.3915    4.9209704071    0.0343055958792    0.572701242126    0.0302172324114    0.661767944617    0.0102414142378    0.572701242126    0.0302172324114
5    2    3    -59.0944444444    1.308996939    42.3915    4.8043801161    0.0352623320892    0.552850926434    0.0300585901429    0.692519785149    0.0112353381523    0.552850926434    0.0300585901429
5    3    3    -59.0944444444    1.83259571459    42.3915    4.85513339538    0.0613315772154    0.619934795881    0.0612800089987    0.668421205257    0.0148421342784    0.619934795881    0.0612800089987
5    4    3    -59.0944444444    2.35619449019    42.3915    4.8458192828    0.0402135624534    0.536659841952    0.0396421892175    0.688979575213    0.0110687442841    0.536659841952    0.0396421892175
5    5    3    -59.0944444444    2.87979326579    42.3915    4.87660254106    0.0315556501285    0.568373940963    0.0255330470619    0.663839243884    0.007683368503    0.568373940963    0.0255330470619
5    6    3    -59.0944444444    3.40339204139    42.3915    4.85948910928    0.0328617792552    0.648601629227    0.0284516027666    0.684260171387    0.0081313680826    0.648601629227    0.0284516027666
5    7    3    -59.0944444444    3.92699081699    42.3915    5.00544223828    0.0277225350716    0.590124962683    0.0214250321314    0.683770079951    0.00777035137768    0.590124962683    0.0214250321314
5    8    3    -59.0944444444    4.45058959259    42.3915    4.98779946278    0.0233914085005    0.54731338484    0.0182868764816    0.677077740378    0.00729258317455    0.54731338484    0.0182868764816
5    9    3    -59.0944444444    4.97418836818    42.3915    4.98191270736    0.0226922011822    0.560609283315    0.017192098368    0.69351850734    0.00749365879967    0.560609283315    0.017192098368
5    10    3    -59.0944444444    5.49778714378    42.3915    4.96734856524    0.0261265751697    0.565921472072    0.0187595447242    0.673845983848    0.00760496218034    0.565921472072    0.0187595447242
5    11    3    -59.0944444444    6.02138591938    42.3915    4.94121963757    0.0288550042326    0.530794382896    0.0225283525172    0.66276170208    0.00952990576785    0.530794382896    0.0225283525172
6    0    0    -69.8388888889    0.785398163397    8.8615    5.54743891969    0.0304132737239    0.571575924843    0.0305004034007    0.587808582383    0.00787903863311    0.571575924843    0.0305004034007
6    1    0    -69.8388888889    2.35619449019    8.8615    5.63166079962    0.0279549641131    0.622135979421    0.023061078137    0.609950305648    0.00691870390903    0.622135979421    0.023061078137
6    2    0    -69.8388888889    3.92699081699    8.8615    5.66744936673    0.0287695909285    0.62499881282    0.0229868693833    0.603465033237    0.00745649564048    0.62499881282    0.0229868693833
6    3    0    -69.8388888889    5.49778714378    8.8615    5.65108206682    0.0280589554332    0.57714504032    0.022832785991    0.600387425352    0.00843167828781    0.57714504032    0.022832785991
6    0    1    -69.8388888889    0.523598775598    22.513    5.53249052969    0.0403769350782    0.630527749332    0.0360661239639    0.584007690933    0.0089645877084    0.630527749332    0.0360661239639
6    1    1    -69.8388888889    1.57079632679    22.513    5.53233224293    0.0515403634295    0.692902254504    0.04374135143    0.585123405946    0.0110953971521    0.692902254504    0.04374135143
6    2    1    -69.8388888889    2.61799387799    22.513    5.43039019892    0.0288605165095    0.631100926915    0.0235016695601    0.592523591959    0.00666586031935    0.631100926915    0.0235016695601
6    3    1    -69.8388888889    3.66519142919    22.513    5.5166220287    0.0270577651307    0.636489068441    0.0216156531495    0.60811971879    0.00625793461459    0.636489068441    0.0216156531495
6    4    1    -69.8388888889    4.71238898038    22.513    5.60702004146    0.0293553517923    0.662441429618    0.0233328581041    0.596912836012    0.00676063238292    0.662441429618    0.0233328581041
6    5    1    -69.8388888889    5.75958653158    22.513    5.47419930006    0.0297284470704    0.612909685223    0.0260108158896    0.588878862764    0.0074938744143    0.612909685223    0.0260108158896
6    0    2    -69.8388888889    0.392699081699    32.093    5.4422444696    0.0343398547719    0.568852903489    0.0270630820933    0.585945474682    0.0110732042317    0.568852903489    0.0270630820933
6    1    2    -69.8388888889    1.1780972451    32.093    5.39144040553    0.0381734977763    0.592424622013    0.0377725070205    0.601350250327    0.00904561979791    0.592424622013    0.0377725070205
6    2    2    -69.8388888889    1.96349540849    32.093    5.34522847273    0.0376642113298    0.593931785757    0.036593030482    0.587887287278    0.00873312629571    0.593931785757    0.036593030482
6    3    2    -69.8388888889    2.74889357189    32.093    5.40537355977    0.0349194066577    0.625519068151    0.0295242066519    0.607704578622    0.00678414428222    0.625519068151    0.0295242066519
6    4    2    -69.8388888889    3.53429173529    32.093    5.43317009804    0.02790091489    0.655930480053    0.0232879197575    0.608998273944    0.00662252788177    0.655930480053    0.0232879197575
6    5    2    -69.8388888889    4.31968989869    32.093    5.45083663392    0.0226443463347    0.59506715562    0.0175527964659    0.605694867195    0.00582456480981    0.59506715562    0.0175527964659
6    6    2    -69.8388888889    5.10508806208    32.093    5.53728675624    0.0321648241087    0.612910399087    0.0282907461732    0.600909681538    0.008104892086    0.612910399087    0.0282907461732
6    7    2    -69.8388888889    5.89048622548    32.093    5.42514239323    0.0330404472292    0.651874091442    0.0283534855368    0.604781320089    0.00737106550109    0.651874091442    0.0283534855368
6    0    3    -69.8388888889    0.261799387799    42.3915    5.21312339405    0.0363470082254    0.609800892453    0.0310791161493    0.588467885508    0.00845988609533    0.609800892453    0.0310791161493
6    1    3    -69.8388888889    0.785398163397    42.3915    5.30198334135    0.040834487706    0.650777084307    0.0336708925937    0.578029627081    0.00929705317208    0.650777084307    0.0336708925937
6    2    3    -69.8388888889    1.308996939    42.3915    5.28020073534    0.047863118441    0.641897978574    0.0415136087051    0.588084719341    0.00978523770087    0.641897978574    0.0415136087051
6    3    3    -69.8388888889    1.83259571459    42.3915    5.23988061186    0.0562866394738    0.527528967596    0.0768959874836    0.57737326157    0.0194326131278    0.527528967596    0.0768959874836
6    4    3    -69.8388888889    2.35619449019    42.3915    5.2673225979    0.0416381888907    0.626096169632    0.0378578615519    0.590191414947    0.00907028288368    0.626096169632    0.0378578615519
6    5    3    -69.8388888889    2.87979326579    42.3915    5.26469136993    0.0360473111048    0.615809229951    0.0313000606859    0.586787384563    0.00884695072398    0.615809229951    0.0313000606859
6    6    3    -69.8388888889    3.40339204139    42.3915    5.33018187309    0.0338718442104    0.651089695751    0.0331446562891    0.614265649922    0.00742668888626    0.651089695751    0.0331446562891
6    7    3    -69.8388888889    3.92699081699    42.3915    5.34550875091    0.0286463721855    0.628310827234    0.0202225422496    0.607877824251    0.00725120941575    0.628310827234    0.0202225422496
6    8    3    -69.8388888889    4.45058959259    42.3915    5.41810505656    0.0273424714346    0.637948255061    0.0205337536401    0.596236819016    0.00693044897329    0.637948255061    0.0205337536401
6    9    3    -69.8388888889    4.97418836818    42.3915    5.52920438312    0.0244316488951    0.63985874232    0.0183142855114    0.610248101774    0.00600800584186    0.63985874232    0.0183142855114
6    10    3    -69.8388888889    5.49778714378    42.3915    5.47109677466    0.0290922928106    0.615626768522    0.0227739233707    0.579873762469    0.00675645218187    0.615626768522    0.0227739233707
6    11    3    -69.8388888889    6.02138591938    42.3915    5.33575594255    0.036857923436    0.646872551445    0.0307238997093    0.596488364317    0.00965693706877    0.646872551445    0.0307238997093
7    0    0    -80.5833333333    0.785398163397    8.8615    6.36869004322    0.0316108329025    0.715503145435    0.0235720084252    0.514664377977    0.0059544087741    0.715503145435    0.0235720084252
7    1    0    -80.5833333333    2.35619449019    8.8615    6.15261391198    0.0260451629115    0.66785727459    0.0214412968849    0.517062604318    0.00584143495163    0.66785727459    0.0214412968849
7    2    0    -80.5833333333    3.92699081699    8.8615    6.29670569892    0.0294349642133    0.650818532628    0.0229871729319    0.525358889626    0.00621353857699    0.650818532628    0.0229871729319
7    3    0    -80.5833333333    5.49778714378    8.8615    6.29146038258    0.0322146208543    0.697492757496    0.0265440863609    0.519778181248    0.00650617742889    0.697492757496    0.0265440863609
7    0    1    -80.5833333333    0.523598775598    22.513    6.12142792832    0.0337126686039    0.664620359863    0.0314960258256    0.497926511901    0.00735240195799    0.664620359863    0.0314960258256
7    1    1    -80.5833333333    1.57079632679    22.513    6.0659217476    0.0364148512196    0.705209281402    0.0278951608872    0.523788452616    0.0074599044078    0.705209281402    0.0278951608872
7    2    1    -80.5833333333    2.61799387799    22.513    5.98736222072    0.023965348519    0.622814398164    0.0202451275689    0.508469085598    0.00562091197865    0.622814398164    0.0202451275689
7    3    1    -80.5833333333    3.66519142919    22.513    6.14162221881    0.0291891936392    0.67221271629    0.0227534809583    0.527070959702    0.00551308266046    0.67221271629    0.0227534809583
7    4    1    -80.5833333333    4.71238898038    22.513    6.28412399214    0.0309173268403    0.72250565134    0.0239659130729    0.516599960625    0.00588412011329    0.72250565134    0.0239659130729
7    5    1    -80.5833333333    5.75958653158    22.513    6.22878002843    0.0345846690884    0.715398075511    0.0276204567031    0.500169299609    0.00672126459689    0.715398075511    0.0276204567031
7    0    2    -80.5833333333    0.392699081699    32.093    5.99364263969    0.0350420865541    0.655349499616    0.0293763961069    0.516202689131    0.00950338529936    0.655349499616    0.0293763961069
7    1    2    -80.5833333333    1.1780972451    32.093    5.92441402505    0.0279194088624    0.656759644196    0.0225902592997    0.514793212793    0.00681000271363    0.656759644196    0.0225902592997
7    2    2    -80.5833333333    1.96349540849    32.093    5.80683104016    0.0295572170055    0.663986240037    0.0234445996402    0.511665182646    0.00628166548009    0.663986240037    0.0234445996402
7    3    2    -80.5833333333    2.74889357189    32.093    5.81774710292    0.0271593241425    0.62229162688    0.0213668951607    0.526381593466    0.00638588738873    0.62229162688    0.0213668951607
7    4    2    -80.5833333333    3.53429173529    32.093    5.97115278352    0.0238286000013    0.63186491751    0.0203558809143    0.515373428384    0.00548460567315    0.63186491751    0.0203558809143
7    5    2    -80.5833333333    4.31968989869    32.093    6.13153013688    0.0231498927393    0.639567339338    0.0198396471885    0.518151908565    0.0053285169328    0.639567339338    0.0198396471885
7    6    2    -80.5833333333    5.10508806208    32.093    6.2014279889    0.0318696009976    0.686129127959    0.0282631453215    0.503145287426    0.00658676487297    0.686129127959    0.0282631453215
7    7    2    -80.5833333333    5.89048622548    32.093    5.92732369159    0.0316465021544    0.629982959915    0.0252712851118    0.507989754818    0.00740169777784    0.629982959915    0.0252712851118
7    0    3    -80.5833333333    0.261799387799    42.3915    5.83474782419    0.0358851842201    0.5765839389    0.035017145793    0.504087684655    0.00870686693537    0.5765839389    0.035017145793
7    1    3    -80.5833333333    0.785398163397    42.3915    5.80751431135    0.0455304366581    0.643261551273    0.0464747206547    0.524748274071    0.0100933733043    0.643261551273    0.0464747206547
7    2    3    -80.5833333333    1.308996939    42.3915    5.81435696695    0.0330384767589    0.583260132676    0.0274188831438    0.527749987516    0.00731524234046    0.583260132676    0.0274188831438
7    3    3    -80.5833333333    1.83259571459    42.3915    5.62673756834    0.0432291026778    0.539505005769    0.0447023099551    0.523803359595    0.00891586004916    0.539505005769    0.0447023099551
7    4    3    -80.5833333333    2.35619449019    42.3915    5.5914212531    0.0364866725899    0.600811766881    0.0297745880538    0.526049161573    0.00923178665821    0.600811766881    0.0297745880538
7    5    3    -80.5833333333    2.87979326579    42.3915    5.55175812306    0.037860793224    0.616083294964    0.0322525387627    0.537383322287    0.00901533802545    0.616083294964    0.0322525387627
7    6    3    -80.5833333333    3.40339204139    42.3915    5.77880101098    0.0320930496172    0.644004883289    0.0276220638914    0.522725120882    0.00711085580581    0.644004883289    0.0276220638914
7    7    3    -80.5833333333    3.92699081699    42.3915    5.86284473583    0.0256407977979    0.615929728262    0.0207479141993    0.523213893533    0.00623568206873    0.615929728262    0.0207479141993
7    8    3    -80.5833333333    4.45058959259    42.3915    5.92389386496    0.0262469082167    0.62291665377    0.0199598622924    0.518631477701    0.00679268250499    0.62291665377    0.0199598622924
7    9    3    -80.5833333333    4.97418836818    42.3915    6.02788581847    0.023413833743    0.609992891506    0.0200668159805    0.523419007106    0.00546417021348    0.609992891506    0.0200668159805
7    10    3    -80.5833333333    5.49778714378    42.3915    5.87902966813    0.0305870566768    0.647184945428    0.022994326767    0.514755370685    0.00682134719436    0.647184945428    0.022994326767
7    11    3    -80.5833333333    6.02138591938    42.3915    5.73007931436    0.0356704092108    0.639773600833    0.0288903471816    0.523393296478    0.00735455739181    0.639773600833    0.0288903471816
8    0    0    -91.3277777778    0.785398163397    8.8615    7.02600372    0.0346102420222    0.762251931784    0.0280955791365    0.41314767639    0.005947648523    0.762251931784    0.0280955791365
8    1    0    -91.3277777778    2.35619449019    8.8615    6.73774436542    0.0243522171916    0.648409064037    0.0207133012988    0.41868201788    0.00502199712371    0.648409064037    0.0207133012988
8    2    0    -91.3277777778    3.92699081699    8.8615    6.93840915978    0.0358149521214    0.781184400519    0.0267208631417    0.437181374197    0.00580525712972    0.781184400519    0.0267208631417
8    3    0    -91.3277777778    5.49778714378    8.8615    7.07661487889    0.0309815827304    0.684052819435    0.024676117942    0.415042446898    0.00584517595836    0.684052819435    0.024676117942
8    0    1    -91.3277777778    0.523598775598    22.513    6.90785572009    0.0390184739558    0.811734318657    0.0363061759561    0.426592817296    0.0055919562168    0.811734318657    0.0363061759561
8    1    1    -91.3277777778    1.57079632679    22.513    6.72160325755    0.0369912864481    0.672456479345    0.0300597513253    0.419338372102    0.00640779955867    0.672456479345    0.0300597513253
8    2    1    -91.3277777778    2.61799387799    22.513    6.44164114922    0.0254370650944    0.631416466027    0.0199010330233    0.429788827012    0.0047752064857    0.631416466027    0.0199010330233
8    3    1    -91.3277777778    3.66519142919    22.513    6.82918321559    0.0300373020832    0.737742479601    0.022644118026    0.437759887295    0.00539095610516    0.737742479601    0.022644118026
8    4    1    -91.3277777778    4.71238898038    22.513    7.17144553714    0.031743751253    0.738605620688    0.0254755267044    0.426678593598    0.00514122113758    0.738605620688    0.0254755267044
8    5    1    -91.3277777778    5.75958653158    22.513    6.93454001637    0.0302800226041    0.728979881208    0.0237781552795    0.419540017199    0.00503270217082    0.728979881208    0.0237781552795
8    0    2    -91.3277777778    0.392699081699    32.093    6.58790552148    0.0371055346107    0.767802493429    0.029019552108    0.431603622618    0.00601206740714    0.767802493429    0.029019552108
8    1    2    -91.3277777778    1.1780972451    32.093    6.54232959359    0.0276845613413    0.651783820378    0.0205761634969    0.425754062693    0.00556477069383    0.651783820378    0.0205761634969
8    2    2    -91.3277777778    1.96349540849    32.093    6.31943822213    0.0310968367336    0.697088200039    0.0249784391187    0.430328170603    0.00625722385009    0.697088200039    0.0249784391187
8    3    2    -91.3277777778    2.74889357189    32.093    6.17550900692    0.0263271761458    0.597753155255    0.0233474712034    0.443908163906    0.00546282904489    0.597753155255    0.0233474712034
8    4    2    -91.3277777778    3.53429173529    32.093    6.5399169294    0.0263038601474    0.686189889351    0.0208292722042    0.437911650854    0.00502538857589    0.686189889351    0.0208292722042
8    5    2    -91.3277777778    4.31968989869    32.093    6.85535593872    0.0250283454002    0.727200984514    0.0202499688012    0.427746423259    0.00426405667892    0.727200984514    0.0202499688012
8    6    2    -91.3277777778    5.10508806208    32.093    6.87988836884    0.0350747376    0.78499124641    0.0304981222684    0.422573489084    0.00549663129622    0.78499124641    0.0304981222684
8    7    2    -91.3277777778    5.89048622548    32.093    6.39175543444    0.0288716178784    0.753789526272    0.0223804095399    0.426498236728    0.00491962469702    0.753789526272    0.0223804095399
8    0    3    -91.3277777778    0.261799387799    42.3915    6.08586520476    0.0418711743923    0.72330777687    0.038553417734    0.421541262692    0.00686913748947    0.72330777687    0.038553417734
8    1    3    -91.3277777778    0.785398163397    42.3915    6.37019788109    0.0410905731003    0.652863661782    0.0355203322089    0.450346061793    0.00778655904695    0.652863661782    0.0355203322089
8    2    3    -91.3277777778    1.308996939    42.3915    5.97070021009    0.0334221943218    0.652851567858    0.026629273305    0.438484101765    0.00603712330963    0.652851567858    0.026629273305
8    3    3    -91.3277777778    1.83259571459    42.3915    5.60417819325    0.0468055012525    0.585777439633    0.0491069422649    0.411353475521    0.00999190959903    0.585777439633    0.0491069422649
8    4    3    -91.3277777778    2.35619449019    42.3915    5.89816685089    0.0363181423452    0.634281528594    0.0370641317642    0.450138674256    0.00731775892656    0.634281528594    0.0370641317642
8    5    3    -91.3277777778    2.87979326579    42.3915    5.81709870394    0.0465231018812    0.677146205796    0.0463406439238    0.43440527664    0.00872654008349    0.677146205796    0.0463406439238
8    6    3    -91.3277777778    3.40339204139    42.3915    6.04440939378    0.0332176898216    0.653591330155    0.0275575707547    0.448233368996    0.00753243706157    0.653591330155    0.0275575707547
8    7    3    -91.3277777778    3.92699081699    42.3915    6.20467544694    0.0296064648282    0.655376213708    0.02400850654    0.440804844709    0.0061370912183    0.655376213708    0.02400850654
8    8    3    -91.3277777778    4.45058959259    42.3915    6.39109056878    0.031716741926    0.695633165164    0.023558907116    0.43258870845    0.00557555034885    0.695633165164    0.023558907116
8    9    3    -91.3277777778    4.97418836818    42.3915    6.44320973304    0.0265515238833    0.698803867014    0.0193523282437    0.429919010722    0.0049280014019    0.698803867014    0.0193523282437
8    10    3    -91.3277777778    5.49778714378    42.3915    6.25807320905    0.0297689232147    0.687587953973    0.028508867389    0.444365828647    0.00556150602871    0.687587953973    0.028508867389
8    11    3    -91.3277777778    6.02138591938    42.3915    5.72037821869    0.0303820698821    0.622123838307    0.0280282258538    0.435811312472    0.00650898085409    0.622123838307    0.0280282258538